-------------------------------------------------------------
----------------------- !PROPERTIES! ------------------------
-------------------------------------------------------------
# -------------------------------------------------------------
----------------------- !GEOMETRIES! ------------------------
# -------------------------------------------------------------
------------------------ !GEOMETRY! -------------------------
    Number of atoms:    30 
    Geometry Index:     1 
    Coordinates:
               0  C     -0.503308883397   -0.366229894607   -1.502645926047
               1  C     -2.082203370851    1.454814023048   -0.068122639947
               2  C     -1.804783127399   -0.081275678236   -1.932192564350
               3  C      0.027713874941    0.222430730672   -0.349280216319
               4  C     -0.770812507908    1.144512881750    0.369062879787
               5  C     -2.600862741808    0.817548814554   -1.205344914818
               6  O     -3.930002930759    1.010048666218   -1.531162792578
               7  O     -2.402067961894   -0.658421361018   -3.014219132040
               8  C      1.393872672291   -0.150670086833    0.152535812851
               9  C      1.359575405278   -1.139043360619    1.344039174919
              10  N      0.772349445955   -2.453694705178    1.085530391738
              11  H      0.093141211339   -1.083621835385   -2.071994350921
              12  H     -2.677204814748    2.222132367910    0.428739322259
              13  H     -0.340343638634    1.699339637614    1.205016275353
              14  H     -4.108399161288    0.552013638176   -2.380023714173
              15  H     -1.793117635178   -1.294663355183   -3.435161892429
              16  H      1.930396162523    0.755232514421    0.479403320553
              17  H      1.978512992654   -0.603595920948   -0.663559687767
              18  H      2.394996780243   -1.273874446890    1.696911293504
              19  H      0.792516370601   -0.679604899091    2.170953269187
              20  H      1.141091431153   -2.840134795889    0.211538546529
              21  H     -0.246640631157   -2.360306457195    0.962457364742
              22  Cu    -3.000255217610   -2.449884200261    0.592940005346
              23  Cu    -5.292553333989   -2.537876847766    1.433052283560
              24  Cu    -3.613423274134   -4.183794865592    2.164497344027
              25  Cu    -2.423180300505   -2.145958052555    2.923019114274
              26  Cu    -4.557849378494   -0.619686201237    0.125693976841
              27  Cu    -2.155158650242   -0.263069476689    1.364682776226
              28  Cu    -4.269671571642   -0.640605325940    2.548968755020
              29  Cu    -4.681153746342   -2.672871255250    3.814505664672
