-------------------------------------------------------------
----------------------- !PROPERTIES! ------------------------
-------------------------------------------------------------
# -------------------------------------------------------------
----------------------- !GEOMETRIES! ------------------------
# -------------------------------------------------------------
------------------------ !GEOMETRY! -------------------------
    Number of atoms:    30 
    Geometry Index:     1 
    Coordinates:
               0  C      0.361557833730   -0.842664251607    0.106321958890
               1  C      0.237897749492    1.544949144100    1.567954921429
               2  C     -0.667759589045   -0.643469209304    1.032454142838
               3  C      1.337892286138    0.134495349418   -0.122190422557
               4  C      1.273549230558    1.335455739686    0.619139850264
               5  C     -0.743779749093    0.555709932154    1.765199379128
               6  O     -1.746336081617    0.773959518344    2.659872883916
               7  O     -1.645836856412   -1.559405667158    1.304274419649
               8  C      2.397711591833   -0.065957735113   -1.177507073643
               9  C      3.840709002425   -0.161688797779   -0.678714079143
              10  N      4.080224082168   -1.391089290451    0.121378270917
              11  H      0.390770584480   -1.782248723225   -0.452022038615
              12  H      0.121488063588    2.509574784443    2.065313168689
              13  H      1.966775060589    2.149007372043    0.400554962468
              14  H     -2.304115398879   -0.029829448305    2.694136509213
              15  H     -1.517522260145   -2.358193859627    0.758823862112
              16  H      2.360891270594    0.779115387895   -1.884083210669
              17  H      2.163678669539   -0.971129002105   -1.760667652568
              18  H      4.510351023034   -0.140041890759   -1.553687750951
              19  H      4.086112172027    0.704375457894   -0.043538305026
              20  H      5.088394186962   -1.572207875741    0.152339413993
              21  H      3.671935336514   -2.195922743672   -0.365198643453
              22  Cu     3.556860324537   -1.317656538425    2.101240816028
              23  Cu     2.079194827334   -1.351146829126    4.052584189071
              24  Cu     3.806432323728   -2.993078317903    4.027163856877
              25  Cu     4.708248450695   -0.812668164035    4.279978589468
              26  Cu     1.856487952802    0.563880929107    2.630906546137
              27  Cu     4.282979885580    1.022229844891    2.867972004940
              28  Cu     2.906348856313    0.709369650274    4.927040289004
              29  Cu     3.321009488532   -1.403194650913    6.151359395591
